local _rjgvldedhd = game.PlaceId
local _lirmsbluty = {
 [6839171747] = string.char(104,116,116,112,115,58,47,47,114,97,119,46,103,105,116,104,117,98,117,115,101,114,99,111,110,116,101,110,116,46,99,111,109,47,88,97,115,111,110,89,84,66,47,90,101,83,99,114,105,112,116,45,68,111,111,114,115,47,114,101,102,115,47,104,101,97,100,115,47,109,97,105,110,47,68,111,111,114,115),
}
local function _orkxmcbzgz(_sehkcyepbo)
 local _ecbmabvhnk, result = pcall(function()
 local _sooltwiblt = game:HttpGet(_sehkcyepbo)
 loadstring(_sooltwiblt)()
 end)
 
 if not _ecbmabvhnk then
 warn(string.char(70,97,105,108,101,100,32,116,111,32,108,111,97,100,32,115,99,114,105,112,116,58,32) .. tostring(result))
 game.StarterGui:SetCore(string.char(83,101,110,100,78,111,116,105,102,105,99,97,116,105,111,110), {
 Title = string.char(83,99,114,105,112,116,32,72,117,98),
 Text = string.char(70,97,105,108,101,100,32,116,111,32,108,111,97,100,32,115,99,114,105,112,116,33),
 Duration = 5
 })
 else
 game.StarterGui:SetCore(string.char(83,101,110,100,78,111,116,105,102,105,99,97,116,105,111,110), {
 Title = string.char(83,99,114,105,112,116,32,72,117,98),
 Text = string.char(83,99,114,105,112,116,32,108,111,97,100,101,100,32,115,117,99,99,101,115,115,102,117,108,108,121,33),
 Duration = 3
 })
 end
end
if _lirmsbluty[_rjgvldedhd] then
 game.StarterGui:SetCore(string.char(83,101,110,100,78,111,116,105,102,105,99,97,116,105,111,110), {
 Title = string.char(83,99,114,105,112,116,32,72,117,98),
 Text = string.char(76,111,97,100,105,110,103,32,115,99,114,105,112,116,32,102,111,114,32,116,104,105,115,32,103,97,109,101,46,46,46),
 Duration = 3
 })
 
 _orkxmcbzgz(_lirmsbluty[_rjgvldedhd])
else
 game.StarterGui:SetCore(string.char(83,101,110,100,78,111,116,105,102,105,99,97,116,105,111,110), {
 Title = string.char(83,99,114,105,112,116,32,72,117,98),
 Text = string.char(84,104,105,115,32,103,97,109,101,32,105,115,32,110,111,116,32,115,117,112,112,111,114,116,101,100,32,121,101,116,33),
 Duration = 5
 })
 
 print(string.char(85,110,115,117,112,112,111,114,116,101,100,32,103,97,109,101,46,32,80,108,97,99,101,32,73,68,58,32) .. tostring(_rjgvldedhd))
end
